-1.299193740417826093e-01 -5.310782863625056471e-01
-1.321863957011176205e-01 -6.220218481917537678e-01
-8.528322407229239899e-02 -7.145523251825360855e-01
-1.593293002681423626e-02 -7.742505820331405664e-01
5.207028063282009844e-02 -7.854036330519105213e-01
1.121740507178849156e-01 -7.489544366089362359e-01
1.634720466724034482e-01 -6.704326011064171142e-01
2.068309446159547760e-01 -5.560021684357341343e-01
2.408825039171746951e-01 -4.112205072045659882e-01
2.615473553879608670e-01 -2.426027544625435628e-01
2.617238562935766399e-01 -5.951960569097095727e-02
2.482201895776326439e-01 1.236870937145327365e-01
2.226983851677755144e-01 2.974412264188754373e-01
1.853312066117198398e-01 4.533300960363184640e-01
1.364672554335216448e-01 5.830619406645224378e-01
8.091641686981373982e-02 6.785890194679873311e-01
2.347278654179016724e-02 7.352305112768569018e-01
-3.520748947844874049e-02 7.516614618561102690e-01
-9.371245864899334366e-02 7.270162192211959695e-01
-1.487997701530019423e-01 6.614174981669007636e-01
-1.943618515605028962e-01 5.572576590597991819e-01
-2.272854992455262679e-01 4.212043629674473988e-01
-2.491103489715114638e-01 2.621045134955788392e-01
-2.601363260098504826e-01 8.772726921552066737e-02
-2.571342488988698771e-01 -9.436815899137476760e-02
-2.337399349645844226e-01 -2.743621332205837260e-01
-1.952231644597405835e-01 -4.379800876957927747e-01
-1.487544604850498942e-01 -5.746363028176108001e-01
-9.651057271438617802e-02 -6.787644251571460785e-01
-3.730750297597490439e-02 -7.463218260572168639e-01
2.465077838990522435e-02 -7.724370781403986364e-01
8.409733913971838282e-02 -7.551815332674651771e-01
1.395126441068883227e-01 -6.963133958696621217e-01
1.887479985481231859e-01 -5.986545449948404984e-01
2.272621366669906051e-01 -4.665309460111543016e-01
2.511528903748683761e-01 -3.074474503442606865e-01
2.578171854062356605e-01 -1.316404270818529176e-01
2.500914864314410790e-01 4.883160270251209190e-02
2.306939833984226751e-01 2.238956432045209610e-01
1.988610752036651108e-01 3.853814315834165338e-01
1.548204730277589203e-01 5.245841842259824084e-01
1.026598842134107681e-01 6.329585153454135860e-01
4.616587089514508080e-02 7.048204342948009016e-01
-1.102612178247867718e-02 7.371365439214029314e-01
-6.916769438413236659e-02 7.294182586736678298e-01
-1.247573214585957074e-01 6.810008726047751537e-01
-1.745922968935043618e-01 5.936707475837578185e-01
-2.133492437619300408e-01 4.714561397583046376e-01
-2.393454815937062496e-01 3.221116691249537034e-01
-2.529090345962843323e-01 1.545698320093591704e-01
