-1.295440948191448755e-02 -1.299193740417826093e-01
2.680181235932873607e-01 -1.321863957011176205e-01
3.962873945455893665e-01 -8.528322407229239899e-02
3.885897751979104919e-01 -1.593293002681423626e-02
3.434501147717988756e-01 5.207028063282009844e-02
2.931314054543917025e-01 1.121740507178849156e-01
2.477651311060082850e-01 1.634720466724034482e-01
1.945803388641140774e-01 2.068309446159547760e-01
1.180848655473499403e-01 2.408825039171746951e-01
1.008576603518306905e-03 2.615473553879608670e-01
-7.716380980539416790e-02 2.617238562935766399e-01
-1.458388823420412872e-01 2.482201895776326439e-01
-2.135267346060315541e-01 2.226983851677755144e-01
-2.792225781611332724e-01 1.853312066117198398e-01
-3.174333632211875922e-01 1.364672554335216448e-01
-3.282493161601347520e-01 8.091641686981373982e-02
-3.353158629727937545e-01 2.347278654179016724e-02
-3.343141095459693513e-01 -3.520748947844874049e-02
-3.147846371657635478e-01 -9.371245864899334366e-02
-2.603547509000047055e-01 -1.487997701530019423e-01
-1.881351296287064323e-01 -1.943618515605028962e-01
-1.247134270056284439e-01 -2.272854992455262679e-01
-6.300558307622386445e-02 -2.491103489715114638e-01
1.715472634846066866e-02 -2.601363260098504826e-01
1.336817939102038222e-01 -2.571342488988698771e-01
2.200958314562500018e-01 -2.337399349645844226e-01
2.655354512839463443e-01 -1.952231644597405835e-01
2.985365015466502348e-01 -1.487544604850498942e-01
3.383032556480641273e-01 -9.651057271438617802e-02
3.540473220907437990e-01 -3.730750297597490439e-02
3.396946328560751516e-01 2.465077838990522435e-02
3.166588855266851965e-01 8.409733913971838282e-02
2.813448825213423765e-01 1.395126441068883227e-01
2.200807892506704000e-01 1.887479985481231859e-01
1.365185926164447505e-01 2.272621366669906051e-01
3.808168589352693700e-02 2.511528903748683761e-01
-4.414685128454041291e-02 2.578171854062356605e-01
-1.108428744743913397e-01 2.500914864314410790e-01
-1.819023325414717007e-01 2.306939833984226751e-01
-2.516605838623207081e-01 1.988610752036651108e-01
-2.980605075105609014e-01 1.548204730277589203e-01
-3.228229332472325463e-01 1.026598842134107681e-01
-3.268113867292786745e-01 4.616587089514508080e-02
-3.322375577237353661e-01 -1.102612178247867718e-02
-3.176550118540765189e-01 -6.916769438413236659e-02
-2.847712881994777789e-01 -1.247573214585957074e-01
-2.214682678195760424e-01 -1.745922968935043618e-01
-1.485499304672925625e-01 -2.133492437619300408e-01
-7.750601715758892452e-02 -2.393454815937062496e-01
-9.003685436001883022e-03 -2.529090345962843323e-01
